51
42
122
11
82
-65
-52
-53
-54
-55
-56
-61
-66
{77: [61, 62, 63, 64, 65]}
[[55, 2, [51, 52, 53, 54, 55]], [955, 1, [51]], [143, 2, [41, 42, 43, 44, 45]], [956, 1, [42]], [209, 2, [121, 122, 123, 124, 125]], [957, 1, [122]], [22, 2, [11, 12, 13, 14, 15]], [958, 1, [11]], [231, 2, [81, 82, 83, 84, 85]], [959, 1, [82]], [81, 2, [-61, -65]], [84, 2, [-62, -65]], [86, 2, [-63, -65]], [87, 2, [-64, -65]], [796, 2, [-55, -65]], [799, 2, [-60, -65]], [802, 2, [-65, -70]], [803, 2, [-65, -75]], [960, 1, [-65]], [56, 1, [-51, -52]], [60, 2, [-52, -53]], [61, 2, [-52, -54]], [62, 2, [-52, -55]], [765, 2, [-52, -57]], [766, 2, [-52, -62]], [767, 2, [-52, -67]], [768, 2, [-52, -72]], [969, 2, [-106, -52]], [973, 2, [-111, -52]], [977, 2, [-116, -52]], [981, 2, [-121, -52]], [1069, 3, [-58, -52, 130]], [1073, 3, [-63, -52, 134]], [1077, 3, [-68, -52, 138]], [1081, 3, [-73, -52, 142]], [57, 1, [-51, -53]], [63, 2, [-53, -54]], [64, 2, [-53, -55]], [775, 2, [-53, -58]], [776, 2, [-53, -63]], [777, 2, [-53, -68]], [778, 2, [-53, -73]], [1065, 3, [-53, -57, 126]], [1066, 3, [-53, -62, 127]], [1067, 3, [-53, -67, 128]], [1068, 3, [-53, -72, 129]], [58, 1, [-51, -54]], [65, 2, [-54, -55]], [785, 2, [-54, -59]], [786, 2, [-54, -64]], [787, 2, [-54, -69]], [788, 2, [-54, -74]], [1005, 2, [-54, -83]], [1006, 2, [-54, -88]], [1007, 2, [-54, -93]], [1008, 2, [-54, -98]], [59, 1, [-51, -55]], [795, 2, [-55, -60]], [797, 2, [-55, -70]], [798, 2, [-55, -75]], [961, 2, [-55, 147]], [67, 2, [-56, -57]], [68, 2, [-56, -58]], [69, 2, [-56, -59]], [70, 2, [-56, -60]], [755, 1, [-51, -56]], [759, 2, [-56, -61]], [760, 2, [-56, -66]], [761, 2, [-56, -71]], [78, 2, [-61, -62]], [79, 2, [-61, -63]], [80, 2, [-61, -64]], [756, 1, [-51, -61]], [762, 2, [-61, -66]], [763, 2, [-61, -71]]]

