[51]
[42]
[122]
[11]
[82]
[-65]
[-52]
[-53]
[-54]
[-55]
[-56]
[-61]
[-66]
[-71]
[-41]
[-43]
[-44]
[-45]
[-27]
[-32]
[-37]
[-47]
[-121]
[-123]
[-124]
[-125]
[-102]
[-107]
[-112]
[-117]
[-12]
[-13]
[-14]
[-15]
[-1]
[-6]
[-16]
[-21]
[-81]
[-83]
[-84]
[-85]
[-77]
[-87]
[-92]
[-97]
Time's Up
Yeah! in only: 5.000009 seconds
[0, None, None, None, None, 0, None, None, None, None, 1, 0, 0, 0, 0, 0, None, None, None, None, 0, None, None, None, None, None, 0, None, None, None, None, 0, None, None, None, None, 0, None, None, None, 0, 1, 0, 0, 0, None, 0, None, None, None, 1, 0, 0, 0, 0, 0, None, None, None, None, 0, None, None, None, 0, 0, None, None, None, None, 0, None, None, None, None, None, 0, None, None, None, 0, 1, 0, 0, 0, None, 0, None, None, None, None, 0, None, None, None, None, 0, None, None, None, None, 0, None, None, None, None, 0, None, None, None, None, 0, None, None, None, None, 0, None, None, None, 0, 1, 0, 0, 0, None, None, None, None, None, None, None, None, None, None, None, None, None, None, None, None, None, None, None, None, None, None, None, None, None, None, None, None, None, None]
[[-1, -3], [-1, -5], [-2, -3], [-2, -4], [-2, -5], [-3, -4], [-3, -5], [-4, -5], [-6, -8], [-6, -10], [-7, -8], [-7, -9], [-7, -10], [-8, -9], [-8, -10], [-9, -10], [-16, -18], [-16, -20], [-17, -18], [-17, -19], [-17, -20], [-18, -19], [-18, -20], [-19, -20], [-21, -23], [-21, -25], [-22, -23], [-22, -24], [-22, -25], [-23, -24], [-23, -25], [-24, -25], [-56, -58], [-56, -60], [-57, -58], [-57, -59], [-57, -60], [-58, -59], [-58, -60], [-59, -60], [-61, -63], [-62, -63], [-62, -64], [-63, -64], [-64, -65], [-66, -68], [-66, -70], [-67, -68], [-67, -69], [-67, -70], [-68, -69], [-68, -70], [-69, -70], [-71, -73], [-71, -75], [-72, -73], [-72, -74], [-72, -75], [-73, -74], [-73, -75], [-74, -75], [-26, -28], [-26, -29], [-26, -30], [-27, -29], [-28, -29], [-28, -30], [-29, -30], [-31, -33], [-31, -34], [-31, -35], [-32, -34], [-33, -34], [-33, -35], [-34, -35], [-36, -38], [-36, -39], [-36, -40], [-37, -39], [-38, -39], [-38, -40], [-39, -40], [-46, -48], [-46, -49], [-46, -50], [-47, -49], [-48, -49], [-48, -50], [-49, -50], [-101, -103], [-101, -104], [-101, -105], [-102, -104], [-103, -104], [-103, -105], [-104, -105], [-106, -108], [-106, -109], [-106, -110], [-107, -109], [-108, -109], [-108, -110], [-109, -110], [-111, -113], [-111, -114], [-111, -115], [-112, -114], [-113, -114], [-113, -115], [-114, -115], [-116, -118], [-116, -119], [-116, -120], [-117, -119], [-118, -119], [-118, -120], [-119, -120], [-76, -78], [-76, -79], [-76, -80], [-77, -79], [-78, -79], [-78, -80], [-79, -80], [-86, -88], [-86, -89], [-86, -90], [-87, -89], [-88, -89], [-88, -90], [-89, -90], [-91, -93], [-91, -94], [-91, -95], [-92, -94], [-93, -94], [-93, -95], [-94, -95], [-96, -98], [-96, -99], [-96, -100], [-97, -99], [-98, -99], [-98, -100], [-99, -100], [-126, 146], [-127, 147], [-128, 148], [-129, 149], [-131, 150], [-132, 151], [-133, 152], [-136, 153], [-137, 154], [-141, 155], [-130, 146], [-134, 147], [-138, 148], [-142, 149], [-135, 150], [-139, 151], [-143, 152], [-140, 153], [-144, 154], [-145, 155], [-2, -7], [-2, -17], [-2, -22], [-7, -17], [-7, -22], [-12, -22], [-17, -22], [-3, -8], [-3, -18], [-3, -23], [-8, -18], [-8, -23], [-13, -23], [-18, -23], [-4, -9], [-4, -19], [-4, -24], [-9, -19], [-9, -24], [-14, -24], [-19, -24], [-5, -10], [-5, -20], [-5, -25], [-10, -20], [-10, -25], [-15, -25], [-20, -25], [-52, -62], [-52, -72], [-57, -62], [-57, -67], [-57, -72], [-62, -67], [-62, -72], [-67, -72], [-53, -63], [-53, -73], [-58, -63], [-58, -68], [-58, -73], [-63, -68], [-63, -73], [-68, -73], [-54, -64], [-54, -74], [-59, -64], [-59, -69], [-59, -74], [-64, -69], [-64, -74], [-69, -74], [-55, -70], [-60, -70], [-60, -75], [-65, -75], [-70, -75], [-26, -31], [-26, -36], [-26, -46], [-31, -36], [-31, -46], [-36, -46], [-28, -33], [-28, -38], [-28, -48], [-33, -38], [-33, -48], [-38, -48], [-29, -34], [-29, -39], [-29, -49], [-34, -39], [-34, -49], [-39, -49], [-30, -35], [-30, -40], [-30, -50], [-35, -40], [-35, -50], [-40, -50], [-101, -106], [-101, -111], [-101, -116], [-106, -111], [-106, -116], [-111, -116], [-116, -121], [-103, -108], [-103, -113], [-103, -118], [-108, -113], [-108, -118], [-113, -118], [-118, -123], [-104, -109], [-104, -114], [-104, -119], [-109, -114], [-109, -119], [-114, -119], [-119, -124], [-105, -110], [-105, -115], [-105, -120], [-110, -115], [-110, -120], [-115, -120], [-120, -125], [-76, -86], [-76, -91], [-76, -96], [-81, -91], [-86, -91], [-86, -96], [-91, -96], [-78, -88], [-78, -93], [-78, -98], [-83, -93], [-88, -93], [-88, -98], [-93, -98], [-79, -89], [-79, -94], [-79, -99], [-84, -94], [-89, -94], [-89, -99], [-94, -99], [-80, -90], [-80, -95], [-80, -100], [-85, -95], [-90, -95], [-90, -100], [-95, -100], [-60, 150], [-70, 153], [-75, 154], [-101, -57], [-101, -62], [-101, -67], [-101, -72], [-106, -62], [-106, -67], [-106, -72], [-111, -57], [-111, -67], [-111, -72], [-116, -57], [-116, -62], [-116, -72], [-121, -62], [-30, -86], [-30, -91], [-30, -96], [-35, -76], [-35, -86], [-35, -91], [-35, -96], [-40, -76], [-40, -91], [-40, -96], [-45, -96], [-50, -76], [-50, -86], [-50, -91], [-54, -88], [-54, -98], [-59, -78], [-59, -88], [-59, -93], [-59, -98], [-64, -78], [-64, -93], [-64, -98], [-69, -78], [-69, -88], [-69, -98], [-74, -78], [-74, -88], [-74, -93], [-79, -108], [-79, -113], [-79, -118], [-84, -113], [-89, -103], [-89, -108], [-89, -118], [-94, -103], [-94, -108], [-94, -113], [-99, -103], [-99, -108], [-99, -113], [-99, -118], [-105, -8], [-105, -18], [-105, -23], [-110, -3], [-110, -18], [-110, -23], [-115, -3], [-115, -8], [-115, -18], [-115, -23], [-120, -3], [-120, -8], [-120, -23], [-125, -8], [-125, -18], [-80, -29], [-90, -39], [-100, -49], [-78, -28], [-88, -38], [-98, -48], [-2, 134], [-7, 135], [-17, 136], [-22, 137], [-2, -127], [-3, -127], [-4, -127], [-5, -127], [-7, -131], [-8, -131], [-9, -131], [-10, -131], [-3, -134], [-4, -134], [-5, -134], [-8, -135], [-9, -135], [-10, -135], [-18, -136], [-19, -136], [-20, -136], [-23, -137], [-24, -137], [-25, -137], [-17, -140], [-18, -140], [-19, -140], [-20, -140], [-22, -144], [-23, -144], [-24, -144], [-25, -144], [-2, -8, 126], [-3, -9, 126], [-4, -10, 126], [-2, -18, 128], [-3, -19, 128], [-4, -20, 128], [-2, -23, 129], [-3, -24, 129], [-4, -25, 129], [-7, -3, 130], [-8, -4, 130], [-9, -5, 130], [-7, -18, 132], [-8, -19, 132], [-9, -20, 132], [-7, -23, 133], [-8, -24, 133], [-9, -25, 133], [-14, -10, 135], [-14, -25, 137], [-17, -3, 138], [-18, -4, 138], [-19, -5, 138], [-17, -8, 139], [-18, -9, 139], [-19, -10, 139], [-17, -23, 141], [-18, -24, 141], [-19, -25, 141], [-22, -3, 142], [-23, -4, 142], [-24, -5, 142], [-22, -8, 143], [-23, -9, 143], [-24, -10, 143], [-22, -18, 145], [-23, -19, 145], [-24, -20, 145], [-1, -9, -126], [-2, -9, -126], [-2, -10, -126], [-3, -7, -126], [-3, -10, -126], [-4, -7, -126], [-4, -8, -126], [-5, -7, -126], [-5, -8, -126], [-5, -9, -126], [-2, -15, -127], [-5, -13, -127], [-1, -19, -128], [-2, -19, -128], [-2, -20, -128], [-3, -17, -128], [-3, -20, -128], [-4, -17, -128], [-4, -18, -128], [-5, -17, -128], [-5, -18, -128], [-5, -19, -128], [-1, -24, -129], [-2, -24, -129], [-2, -25, -129], [-3, -22, -129], [-3, -25, -129], [-4, -22, -129], [-4, -23, -129], [-5, -22, -129], [-5, -23, -129], [-5, -24, -129], [-6, -4, -130], [-7, -4, -130], [-7, -5, -130], [-8, -2, -130], [-8, -5, -130], [-9, -2, -130], [-9, -3, -130], [-10, -2, -130], [-10, -3, -130], [-10, -4, -130], [-7, -15, -131], [-10, -13, -131], [-6, -19, -132], [-7, -19, -132], [-7, -20, -132], [-8, -17, -132], [-8, -20, -132], [-9, -17, -132], [-9, -18, -132], [-10, -17, -132], [-10, -18, -132], [-10, -19, -132], [-6, -24, -133], [-7, -24, -133], [-7, -25, -133], [-8, -22, -133], [-8, -25, -133], [-9, -22, -133], [-9, -23, -133], [-10, -22, -133], [-10, -23, -133], [-10, -24, -133], [-12, -4, -134], [-13, -2, -134], [-14, -2, -134], [-15, -2, -134], [-15, -4, -134], [-12, -9, -135], [-13, -7, -135], [-14, -7, -135], [-15, -7, -135], [-15, -9, -135], [-12, -19, -136], [-13, -17, -136], [-14, -17, -136], [-15, -17, -136], [-15, -19, -136], [-12, -24, -137], [-13, -22, -137], [-14, -22, -137], [-15, -22, -137], [-15, -24, -137], [-16, -4, -138], [-17, -4, -138], [-17, -5, -138], [-18, -2, -138], [-18, -5, -138], [-19, -2, -138], [-19, -3, -138], [-20, -2, -138], [-20, -3, -138], [-20, -4, -138], [-16, -9, -139], [-17, -9, -139], [-17, -10, -139], [-18, -7, -139], [-18, -10, -139], [-19, -7, -139], [-19, -8, -139], [-20, -7, -139], [-20, -8, -139], [-20, -9, -139], [-17, -15, -140], [-20, -13, -140], [-16, -24, -141], [-17, -24, -141], [-17, -25, -141], [-18, -22, -141], [-18, -25, -141], [-19, -22, -141], [-19, -23, -141], [-20, -22, -141], [-20, -23, -141], [-20, -24, -141], [-21, -4, -142], [-22, -4, -142], [-22, -5, -142], [-23, -2, -142], [-23, -5, -142], [-24, -2, -142], [-24, -3, -142], [-25, -2, -142], [-25, -3, -142], [-25, -4, -142], [-21, -9, -143], [-22, -9, -143], [-22, -10, -143], [-23, -7, -143], [-23, -10, -143], [-24, -7, -143], [-24, -8, -143], [-25, -7, -143], [-25, -8, -143], [-25, -9, -143], [-22, -15, -144], [-25, -13, -144], [-21, -19, -145], [-22, -19, -145], [-22, -20, -145], [-23, -17, -145], [-23, -20, -145], [-24, -17, -145], [-24, -18, -145], [-25, -17, -145], [-25, -18, -145], [-25, -19, -145], [126, 130, -146], [127, 134, -147], [128, 138, -148], [129, 142, -149], [131, 135, -150], [132, 139, -151], [133, 143, -152], [136, 140, -153], [137, 144, -154], [141, 145, -155], [-53, -62, 127], [-53, -72, 129], [-58, -62, 131], [-58, -67, 132], [-58, -72, 133], [-63, -57, 135], [-63, -67, 136], [-63, -72, 137], [-68, -57, 139], [-68, -62, 140], [-68, -72, 141], [-73, -57, 143], [-73, -62, 144], [-73, -67, 145], [-80, -34, 146], [-80, -39, 147], [-80, -49, 149], [-85, -39, 150], [-90, -29, 147], [-90, -34, 150], [-90, -49, 154], [-95, -29, 148], [-95, -34, 151], [-95, -39, 153], [-95, -49, 155], [-100, -29, 149], [-100, -34, 152], [-100, -39, 154], [-78, -33, 146], [-78, -38, 147], [-78, -48, 149], [-83, -38, 150], [-88, -28, 147], [-88, -33, 150], [-88, -48, 154], [-93, -28, 148], [-93, -33, 151], [-93, -38, 153], [-93, -48, 155], [-98, -28, 149], [-98, -33, 152], [-98, -38, 154], [62, 63, 64], [57, 58, 59, 60], [67, 68, 69, 70], [72, 73, 74, 75], [26, 28, 29, 30], [31, 33, 34, 35], [36, 38, 39, 40], [46, 48, 49, 50], [101, 103, 104, 105], [106, 108, 109, 110], [111, 113, 114, 115], [116, 118, 119, 120], [2, 3, 4, 5], [7, 8, 9, 10], [17, 18, 19, 20], [22, 23, 24, 25], [76, 78, 79, 80], [86, 88, 89, 90], [91, 93, 94, 95], [96, 98, 99, 100]]
