3 040000179002008054006005008080070910050090030019060040300400700570100200928000060
3 802050701007082460010900000600001832500000009184300006000004020095610300308090607
3 000000007720309001008705060502890000040501090000063705030906100200107053900000000
3 206000049037009000100700006000580900705000804009062000900004001000300490410000208
3 025007004001005020700020500509004800000000000007500609003070006040100700800200910
3 001725000080010006250000130070000500000106000009000080045000029700090060000648300
3 050200000300005080960078200000030020708000103040080000001640032070500001000009050
3 001725000080010000250000130070000500000186000009000080045000029000090060000648300
3 800200046007900000100000500000500032408000701320007000006000009000003200280006003
3 000054306000003270000720001900070053000000000820010009300061000046900000701540000
3 050090000004800009000107280560000137000000000173000042021508000600003800000010060
3 000400702064000050100007009210008003000050000800100075900700008080000920507002000
3 105000370000000200097300010000053102300801004201470000070008640008000000012000807
3 001300702006200010020000004200601309000000000403809007100000080050006400904008500
3 001725000080010000250000130070000500000106000009000080045000029000090060000648300
3 008060900000203678706051004973048100620039050001700000580900306000000000040005721
3 302065047050034182090170060206090308100000270089503400470300005000648091000200000
3 071039000460075010830060702042000058600000970010500004000008469790342000500001300
3 000040009000700000001000600013690400000000008000528000067180000000000902954030010
3 002004000008600000090000030800062000140030509070000000035008607000000042000901003
3 670008010020060000000030000201000006480001700000000009004500000000000300003400802
3 000000000100040070700500020017600500060000300000802600000900045009208000008030000
3 007001400060000000205000000001760058000030000090204000030050009004000600050080721
3 903000024007094000001006030064008000000000040000900050000003700500000100080060000
3 040000000806000007500000100005190060004050000000300091000002436090000000000008020
3 090384000002070000000000071500003240030000000001005090000800000706520000000006400
3 027000800001000700000400000300000080050000009070028000090067000580000030000040056
3 002000500010705020400090007049000730801030409036000210200080004080902060007000800
3 050010040107000602000905000208030501040070020901080406000401000304000709020060010
3 000602000400050001085010620038206710000000000019407350026040530900020007000809000
3 000000000079050180800000007007306800450708096003502700700000005016030420000000000
3 700004001020060080001500200800090700050307020006050008008009100090010060500800003
3 000000085000210009960080100500800016000000000890006007009070052300054000480000000
3 000003017015009008060000000100007000009000200000500004000000020500600340340200000
3 380000000000400785009020300060090000800302009000040070001070500495006000000000092
3 000700800006000031040002000024070000010030080000060290000800070860000500002006000
3 000059020090740000406001908017020500800005702000003041580600000934000280061002000
3 907501820035020010018006003000000209090652001102049500386400000750210600400000080
3 703108459900060800000000000010290367075003008000701000002070015086350020000010000
3 000060005624000010001000300008004037009100500007500090082470000090310000000029053
3 100843000008027031600000000004300100537900080010004305490030070300100000000405010
3 806000052090740000072658034000200063903160007000000000000500600410000325507000008
3 000815400105000030000004001019000080060400000208790000001000043800000297006002000
3 790000003000000060801004002005000000300100000040006209200030006030605421000000000
3 100007090030020008009600500005300900010080002600004000300000010040000007007000300
3 790000003400000060801004002005000000300100000040006209200030506030605421000000300

