3 956743281843129765217856439794685123568312947321974658472531896685297314139468572
3 943567812168293574527184369781652943634879251295431687872945136316728495459316728
3 516729348837451692429836571683915427754682913291374856948167235375298164162543789
3 367942851948751623215836497752698134836214975491573286189365742673429518524187369
3 436978215792516438815432679641725983379841562528693741264189357153267894987354126
3 472836159198524367365971248987145623634297815521368794756482931849613572213759486
3 968372415423516897175489326216845739839167254754293681692758143581634972347921568
3 472836159198524367365971248987145623634297815521368794756482931849613572213759486
3 914386257768152439253749618182695743579431862436278195647523981825914376391867524
3 283965417579214386641837592125783964768491235934526871496372158357148629812659743
3 968413527325967481147258396679531248513842769284796153432679815756184932891325674
3 461592873875134962239678451326789514584361297917245386153827649792456138648913725
3 236751489945826317718493526857164293461932875392587164684319752579248631123675948
3 952476813847315926631298745396782451718543269524961378283654197469137582175829634
3 472836159198524367365971248987145623634297815521368794756482931849613572213759486
3 349578126526314789817962345184659273735241968962837514698123457273485691451796832
3 423976158768145293915283674357812469246597381891634527589421736634759812172368945
3 382941657571386924946275813453128769769534182128697345234869571817453296695712438
3 783952461516874392492163785924718536637425819851639247378291654249586173165347928
3 473815296629734815518296347961573482257948631384621579146359728892467153735182964
3 786159324439276185251843679312468597597312846648795231925634718163987452874521963
3 495831267236457189817692534528714693973526418164983725342178956751369842689245371
3 198632574574189623326457198452871369837946215619325487243768951985213746761594832
3 164892735738415629952367148475629381316748952289153467521934876647581293893276514
3 251836794937542168684971253496218375125367489378495612869123547513784926742659831
3 218495673963782145574163982691824357745319826382576419426958731857631294139247568
3 138247956752196834946583712475861293369725481281439675514678329697312548823954167
3 183974652729856134564312798651239847932748561847561329316497285295183476478625913
3 963827154218954763574136298389745612756281439142693587897512346425369871631478925
3 214783596573469182896125734649317825785246319321598467937852641152634978468971253
3 456982371381764295972531648218457963563829417794613852849375126627148539135296784
3 896135742135274698742689351954713826261498537387562419579841263418326975623957184
3 243751896869324751175896234654918327387642915912537648721489563438265179596173482
3 315974628826531749974862513263158974581497362749623185197245836632789451458316297
3 495678132237541896861932457674819325958423761123756984342185679516397248789264513
3 261854973387691542459723861735189426128346795694275318546932187972518634813467259
3 284961735319857264567342189428539671951276843736184952693715428145628397872493516
3 158642937746935128329817564674298351915763482283451679497586213861329745532174896
3 874239561135678942962145387529316478386754219741892653453987126297461835618523794
3 984172536735864129162359487629715348371248695548693712493586271816427953257931864
3 283954761169738542754621839975463218648172395321895476512349687496287153837516924
3 957124863416853927283769145865391274194276358732548691349615782521987436678432519
3 784926531256381947193745682521674893478539126369812475632198754945267318817453269
3 813679254564321978972485163736914825481253796259867341395142687148796532627538419
3 273968514645231789891754632586423197124697853739815246467589321352146978918372465
3 813679254564321978972485163736914825481253796259867341395142687148796532627538419
